[header]
width=50
height=50
tilewidth=16
tileheight=16
orientation=orthogonal
background_color=0,0,0,255

[tilesets]
tileset=../../../CS3113/assets/sprite_sheets/arne_sprites.png,16,16,0,0

[layer]
type=Tile Layer 1
data=
34,34,34,34,34,34,34,34,34,34,34,34,34,34,34,34,34,34,34,34,34,34,34,34,34,34,34,34,34,34,34,34,34,34,34,34,34,34,34,34,34,34,34,34,34,34,34,34,34,34,
34,34,34,34,0,0,0,0,0,0,0,0,0,0,0,0,34,34,34,34,34,34,34,34,34,0,0,0,0,0,0,0,0,0,0,0,0,0,0,0,0,0,0,0,0,0,0,0,0,34,
34,0,34,34,34,0,0,0,0,0,0,0,0,0,0,34,34,34,34,34,34,34,34,34,34,0,0,0,0,0,0,0,0,0,0,0,0,0,0,0,0,0,0,0,0,0,0,0,0,34,
34,0,0,34,34,34,34,34,34,34,34,34,34,0,0,34,34,34,34,34,34,34,34,34,34,0,0,0,0,0,0,0,0,0,0,0,0,0,0,0,0,0,0,0,0,0,0,0,34,34,
34,0,0,0,34,34,34,34,34,34,34,34,34,0,0,34,34,34,34,34,34,34,34,34,34,0,0,0,0,0,0,0,0,0,0,0,0,0,0,34,34,34,0,0,0,0,0,0,0,34,
34,0,0,0,0,0,0,0,0,0,0,0,0,0,0,0,0,0,0,0,0,0,0,0,0,0,0,0,0,0,0,0,0,0,0,0,0,0,0,0,0,0,0,0,34,34,0,0,0,34,
34,0,0,0,0,0,0,0,0,0,0,0,119,0,34,0,0,0,0,0,0,0,0,0,0,0,0,0,0,0,0,0,0,0,0,0,34,0,0,118,0,0,0,0,0,0,0,0,0,34,
34,0,0,0,0,0,0,0,0,0,0,0,34,0,0,0,0,0,0,0,0,34,34,34,0,0,0,0,0,0,0,0,0,0,0,0,34,34,34,34,34,34,34,34,0,0,0,0,0,34,
34,34,0,0,0,0,0,0,0,34,0,0,0,0,0,0,0,0,0,0,0,34,34,34,0,0,34,34,34,0,0,0,34,34,34,34,34,34,34,34,34,34,34,34,0,0,0,0,0,34,
34,34,34,34,0,0,0,0,0,0,0,119,0,0,0,0,0,34,34,0,0,34,34,34,0,0,34,34,34,0,0,0,34,34,34,34,34,34,34,34,34,34,34,34,34,0,0,0,0,34,
34,34,34,34,34,34,34,34,34,34,34,34,34,34,0,0,0,34,34,102,101,34,34,34,0,0,34,34,34,0,0,34,34,34,34,34,34,34,34,34,34,34,34,34,34,34,0,0,0,34,
34,34,34,34,34,34,34,34,34,34,34,34,34,34,34,34,34,34,34,34,34,34,34,34,34,34,34,34,34,0,0,0,34,34,34,34,34,34,34,34,34,34,34,34,34,34,0,0,0,34,
34,34,34,34,34,34,34,34,34,34,34,34,34,34,34,34,34,34,34,34,34,34,34,34,34,34,34,34,34,0,0,0,34,34,34,34,34,34,34,34,34,34,34,34,34,34,34,34,0,34,
34,34,34,34,34,34,34,34,34,34,34,34,34,34,34,34,34,34,34,34,34,34,34,34,34,34,34,34,34,34,0,0,34,34,34,34,34,34,34,34,34,34,34,34,34,34,34,34,34,34,
34,0,0,0,0,0,0,34,34,0,0,0,0,0,0,0,0,0,0,0,0,0,0,0,0,0,34,0,0,0,0,0,0,0,0,0,34,34,34,34,34,34,34,34,34,34,34,34,34,34,
34,0,0,0,0,0,0,0,0,0,0,0,0,0,0,0,0,0,0,0,0,0,0,117,0,0,0,0,0,0,0,0,0,0,119,34,34,34,34,34,34,34,34,34,34,34,34,34,34,34,
34,0,0,0,0,0,0,0,0,119,34,0,0,0,0,0,0,0,0,0,0,0,34,34,0,0,0,0,0,34,34,34,0,0,34,34,34,34,34,34,34,34,34,34,34,34,34,34,34,34,
34,0,0,0,0,0,0,34,34,34,0,0,0,0,0,0,117,0,34,34,0,0,34,34,0,0,0,0,0,0,0,0,0,0,34,34,34,34,34,34,34,34,34,34,34,34,34,34,34,34,
34,0,0,0,0,0,0,0,0,0,0,0,0,0,0,34,34,0,34,34,0,0,34,34,0,0,0,0,0,0,0,0,0,34,34,34,34,34,34,34,34,34,34,34,34,34,34,34,34,34,
34,0,0,0,0,0,0,0,0,0,0,34,34,34,34,34,34,34,34,34,102,101,34,34,34,34,34,34,34,34,34,34,34,34,34,34,34,34,34,34,34,34,34,34,34,34,34,34,34,34,
34,0,0,0,0,118,0,0,0,34,34,34,34,34,34,34,34,34,34,34,34,34,34,34,34,34,34,34,34,34,34,34,34,34,34,34,34,34,34,34,34,34,34,34,34,34,34,34,34,34,
34,0,0,0,34,34,34,34,34,34,34,34,34,34,34,34,34,34,34,34,34,34,34,34,34,34,34,34,34,34,34,34,34,34,34,34,34,34,34,34,34,34,34,34,34,34,34,34,34,34,
34,0,0,0,34,34,34,34,34,34,34,34,34,34,34,34,34,34,34,34,34,34,34,34,34,34,34,34,34,34,34,34,34,34,34,34,34,34,34,34,34,34,34,34,34,34,34,34,34,34,
34,0,0,0,34,34,34,34,34,34,34,34,34,34,34,34,34,34,34,34,34,34,34,34,34,34,34,34,34,34,34,34,34,34,34,34,34,34,34,34,34,34,34,34,34,34,34,34,34,34,
34,34,0,0,34,34,34,34,34,34,34,34,34,34,34,34,34,34,34,34,34,34,34,34,34,34,0,34,34,34,34,34,34,34,34,34,34,34,34,34,34,34,34,34,34,34,34,34,34,34,
34,0,0,0,34,34,34,34,34,34,34,34,34,34,34,34,34,34,34,34,34,34,34,34,34,34,0,34,34,34,34,34,34,34,34,34,34,34,34,34,34,34,34,34,34,34,34,34,34,34,
34,0,0,0,34,34,34,34,34,34,34,34,34,34,34,34,34,34,34,34,34,34,34,34,34,34,0,34,34,34,34,34,34,34,34,34,0,0,0,0,0,34,34,34,34,34,34,34,34,34,
34,0,0,0,34,34,34,34,34,34,34,34,34,34,34,34,34,34,34,34,34,34,34,34,34,34,0,34,0,34,34,34,34,34,0,0,0,0,0,0,0,0,0,0,0,0,0,34,34,34,
34,0,0,0,34,34,34,34,34,34,34,34,34,0,0,0,0,34,34,34,34,34,34,34,34,34,0,0,0,0,34,34,34,0,0,0,0,0,0,0,0,0,0,0,0,0,0,0,34,34,
34,0,0,34,34,34,34,34,34,34,34,34,0,0,0,0,0,34,0,34,34,34,34,0,0,0,0,0,0,0,34,34,0,0,0,34,34,102,101,34,101,34,34,102,102,34,0,0,0,34,
34,0,0,0,34,34,34,34,34,34,34,0,0,0,0,0,0,0,0,0,0,0,0,0,0,34,34,34,0,0,34,0,0,0,34,34,34,34,34,34,34,34,34,34,34,34,34,0,0,34,
34,0,0,0,34,34,34,34,0,0,0,0,0,0,34,102,34,34,0,0,0,0,0,0,34,34,34,34,102,0,0,0,34,34,34,34,34,34,34,34,34,34,34,34,34,34,34,0,0,34,
34,0,0,0,34,34,34,0,0,0,0,0,34,34,34,34,34,34,34,34,0,0,0,101,34,34,34,34,34,34,34,34,34,34,34,34,34,34,34,34,34,34,34,34,34,34,34,34,34,34,
34,0,0,0,34,34,34,0,0,34,34,34,34,34,34,34,34,34,34,34,34,34,34,34,34,34,34,34,34,34,34,34,34,34,34,34,34,34,34,34,34,34,34,34,34,34,34,34,34,34,
34,0,0,0,0,0,0,0,0,0,34,34,34,34,34,34,34,34,34,34,34,34,34,34,34,34,34,34,34,34,34,34,34,34,34,34,34,34,34,34,34,34,34,34,34,34,34,34,34,34,
34,0,0,0,0,0,0,117,0,0,0,34,34,34,34,34,34,34,34,34,34,34,34,34,34,34,34,34,34,34,34,34,34,34,34,34,34,34,34,34,34,34,34,34,34,34,34,34,34,34,
34,0,0,0,0,34,34,34,0,0,0,0,34,34,34,34,34,34,34,34,34,34,34,34,34,34,34,34,34,34,34,34,34,34,34,34,34,34,34,34,34,34,34,34,34,34,34,34,34,34,
34,0,0,0,0,0,0,0,0,0,0,0,0,34,34,34,34,34,34,34,34,34,34,34,34,34,34,34,34,34,34,34,34,34,34,34,34,34,34,34,34,34,34,34,34,34,34,34,34,34,
34,0,0,119,0,0,0,0,0,0,0,0,0,0,34,34,34,34,34,34,34,34,34,34,34,34,34,34,34,0,0,0,0,0,34,34,34,34,34,34,34,34,34,34,34,34,34,34,34,34,
34,34,34,34,34,34,34,34,34,34,34,34,0,0,0,34,34,34,34,34,34,34,34,34,34,34,34,34,0,0,0,0,0,0,0,34,34,34,34,34,34,34,34,34,34,34,34,34,34,34,
34,34,34,34,34,34,34,34,34,34,34,34,34,0,0,0,34,34,34,34,34,34,34,34,34,34,0,0,0,0,0,0,0,0,0,0,0,34,34,34,34,34,34,34,34,34,34,34,34,34,
34,34,34,34,34,34,34,34,34,34,34,34,34,0,0,0,0,0,0,0,0,0,0,0,0,0,0,0,0,0,117,0,0,0,0,0,0,0,0,0,0,0,34,34,34,34,34,34,34,34,
34,0,0,0,0,0,0,0,0,0,0,0,0,0,0,0,0,0,0,0,0,0,0,0,0,0,0,0,0,34,34,34,34,34,0,0,0,0,0,0,0,0,0,34,34,34,34,34,34,34,
34,0,0,0,117,0,0,0,0,0,0,0,0,0,34,34,34,34,34,34,118,0,0,0,0,0,0,0,0,0,0,0,0,0,0,0,0,0,0,0,0,0,0,0,0,34,34,34,34,34,
34,0,0,0,34,34,34,0,0,0,0,0,0,34,34,34,34,34,34,34,34,0,0,0,0,34,34,34,0,0,0,0,0,0,0,34,34,34,0,0,0,0,0,0,0,0,34,34,34,34,
34,0,0,0,0,0,0,0,0,0,0,0,34,34,34,34,34,34,34,34,34,34,0,0,0,0,0,0,0,0,0,0,0,0,0,0,0,0,0,0,0,0,0,0,0,0,0,0,13,13,
34,0,0,0,0,0,0,0,0,0,119,34,34,34,34,34,34,34,34,34,34,34,34,0,0,0,0,0,0,0,0,0,0,0,0,0,0,0,0,0,0,0,0,0,118,0,0,0,13,13,
34,34,34,34,0,0,34,34,34,34,34,34,34,34,34,34,34,34,34,34,34,34,34,34,34,34,34,34,34,34,34,34,34,34,34,34,34,34,34,34,34,34,34,34,34,0,0,0,13,13,
34,34,34,34,0,0,34,34,34,34,34,34,34,34,34,34,34,34,34,34,34,34,34,34,34,34,34,34,34,34,34,34,34,34,34,34,34,34,34,34,34,34,34,34,34,34,34,34,34,34,
34,34,34,34,101,102,34,34,34,34,34,34,34,34,34,34,34,34,34,34,34,34,34,34,34,34,34,34,34,34,34,34,34,34,34,34,34,34,34,34,34,34,34,34,34,34,34,34,34,34

[Object Layer 1]
# e
type=enemy
location=44,4,1,1

[Object Layer 1]
# e
type=enemy
location=39,3,1,1

[Object Layer 1]
# e
type=enemy
location=27,7,1,1

[Object Layer 1]
# e
type=enemy
location=21,6,1,1

[Object Layer 1]
# e
type=enemy
location=17,8,1,1

[Object Layer 1]
# e
type=enemy
location=6,2,1,1

[Object Layer 1]
# e
type=enemy
location=6,9,1,1

[Object Layer 1]
# e
type=enemy
location=7,16,1,1

[Object Layer 1]
# e
type=enemy
location=12,18,1,1

[Object Layer 1]
# e
type=enemy
location=6,20,1,1

[Object Layer 1]
# e
type=enemy
location=18,16,1,1

[Object Layer 1]
# e
type=enemy
location=26,18,1,1

[Object Layer 1]
# e
type=enemy
location=30,15,1,1

[Object Layer 1]
# e
type=enemy
location=33,7,1,1

[Object Layer 1]
# p
type=power
location=5,2,1,1

[Object Layer 1]
# p
type=power
location=33,15,1,1

[Object Layer 1]
# p
type=power
location=31,39,1,1

[Object Layer 1]
# e
type=enemy
location=3,36,1,1

[Object Layer 1]
# e
type=enemy
location=6,35,1,1

[Object Layer 1]
# e
type=enemy
location=4,43,1,1

[Object Layer 1]
# e
type=enemy
location=8,45,1,1

[Object Layer 1]
# e
type=enemy
location=1,45,1,1

[Object Layer 1]
# e
type=enemy
location=2,45,1,1

[Object Layer 1]
# e
type=enemy
location=26,43,1,1

[Object Layer 1]
# e
type=enemy
location=30,40,1,1

[Object Layer 1]
# e
type=enemy
location=36,43,1,1

[Object Layer 1]
# e
type=enemy
location=40,45,1,1

[Object Layer 1]
# e
type=enemy
location=30,44,1,1

[Object Layer 1]
# e
type=enemy
location=47,47,1,1

[Object Layer 1]
# e
type=enemy
location=16,42,1,1

[Object Layer 1]
# p
type=power
location=1,46,1,1

[Object Layer 1]
# h
type=health
location=47,31,0,0

[Object Layer 1]
# p
type=power
location=26,26,0,0

[Object Layer 1]
# p
type=power
location=48,31,0,0

[Object Layer 1]
# e
type=enemy
location=21,32,1,1

[Object Layer 1]
# e
type=enemy
location=31,31,1,1

